$ANSIBLE_VAULT;1.1;AES256
39373137623363316666306330636333363334346461303131343665363738316534363432373763
3731336366613932633337343665323939356233303133640a396235396166333839653166383936
36353831656161623634393235393731313232643064643338383461653339383863633637323536
3838323532363034370a653131386236313734333330633832613165353537373066623232623462
66393231393965373831643336616163323735656366323861386537393664626263653063633338
65623935353562326663616163356331646236303661313363353637643861613066383930636366
66343034333435656534636532323661656139646166326338343531303137306430613837656438
32306636303064633838613361646134383462633930356162316433343062613266316433313237
65666634633234396533636563306561663639323736383762356636366537636533643639386662
61663336366539343361663932303538343061383239346536626637303866343062643037386363
31656463303561303738323864323530653633646263653165316230333933623366303238343631
62663631616436316261366534643036663437666263373434623961343639623137653839363835
39386432646562383965373636313562616435373462396165623933343563353938366534633863
3332646239346564336132646333306634306662636563323166
