$ANSIBLE_VAULT;1.1;AES256
35393037376135616630623666633266356632346630626230666162613131626131646361663566
6332303333336263396164613762666432633337613564390a323233313062306233363762626361
35303436376539616330623264333538316437633566386536313534303631393630663839663466
3837343637663630660a376332396165323664326537663436386661613431346136383861636638
33393733643734313834623131393266323730636336333566643263373763323131623465323063
61383366316466363334613365313566646561613031316165333830636135323562366565376236
61303864313839626662626135316630373461366239386266376430646539343662303133633839
65383436316365366465353833346236656331643033306265653666306339663239666134613930
36633637643635373336656632626336336130646261366365323535633636306461353534363366
63393566393166396466633434623061393238383739663430633832326438393463316533623031
34396334343965366130643763313765373035376633643266376263346236303465646366313561
32393838326438633861336631613538633438356166343734326235346634613961613230396637
38363435356231633464336465383062383338623562313331393938373762613530
